4358 ----------------------------------------------------------------------------------------------------

Genes up
       Gene ID Gene Name Score(d) Numerator(r) Denominator(s+s0) Fold Change q-value(%)
  [1,] g37872  37872     4.729    1.392        0.294             1.186       0            √
  [2,] g23322  23322     4.716    1.166        0.247             1.113       0            √
  [3,] g19301  19301     4.527    0.721        0.159             1.112       0         
  [4,] g13727  13727     4.448    0.879        0.198             1.12        0         
  [5,] g13887  13887     4.43     1.674        0.378             1.228       0            √
  [6,] g11756  11756     4.369    0.928        0.212             1.121       0         
  [7,] g48990  48990     4.294    0.528        0.123             1.075       0         
  [8,] g18455  18455     4.244    1.058        0.249             1.147       0         
  [9,] g26742  26742     4.244    0.826        0.195             1.083       0         
 [10,] g31259  31259     4.234    0.819        0.193             1.125       0         
 [11,] g11879  11879     4.218    1.077        0.255             1.157       0         
 [12,] g18598  18598     4.194    1.361        0.325             1.16        0            √
 [13,] g18106  18106     4.184    0.939        0.224             1.13        0         
 [14,] g27227  27227     4.161    0.82         0.197             1.081       0         
 [15,] g13019  13019     4.154    0.83         0.2               1.101       0         
 [16,] g39660  39660     4.146    0.481        0.116             1.058       0         
 [17,] g27829  27829     4.116    0.995        0.242             1.151       0         
 [18,] g12271  12271     4.112    0.318        0.077             1.034       0         
 [19,] g19170  19170     4.111    0.817        0.199             1.106       0         
 [20,] g11719  11719     4.107    1.575        0.383             1.268       0         
 [21,] g13316  13316     4.076    0.886        0.217             1.14        0         
 [22,] g9038   9038      4.072    1.103        0.271             1.131       0         
 [23,] g22273  22273     4.057    0.512        0.126             1.066       0         
 [24,] g34673  34673     4.031    1.192        0.296             1.152       0         
 [25,] g19376  19376     4.009    0.909        0.227             1.119       0         
 [26,] g11050  11050     4.001    1.13         0.282             1.115       0         
 [27,] g32499  32499     3.982    1.073        0.269             1.158       0         
 [28,] g30316  30316     3.961    0.792        0.2               1.09        0         
 [29,] g19183  19183     3.955    0.687        0.174             1.121       0         
 [30,] g10353  10353     3.944    0.853        0.216             1.095       0         
 [31,] g23753  23753     3.939    1.206        0.306             1.186       0         
 [32,] g10609  10609     3.934    0.719        0.183             1.075       0         
 [33,] g23431  23431     3.904    0.857        0.219             1.125       0         
 [34,] g15779  15779     3.896    1.009        0.259             1.133       0         
 [35,] g13699  13699     3.891    0.392        0.101             1.049       0         
 [36,] g14268  14268     3.885    1.136        0.292             1.131       0         
 [37,] g25817  25817     3.877    1.107        0.286             1.103       0         
 [38,] g10354  10354     3.875    0.93         0.24              1.091       0         
 [39,] g22595  22595     3.871    1.052        0.272             1.139       0         
 [40,] g28271  28271     3.869    0.963        0.249             1.183       0         
 [41,] g24608  24608     3.864    1.056        0.273             1.094       0         
 [42,] g14254  14254     3.864    1.024        0.265             1.118       0         
 [43,] g13518  13518     3.86     1.259        0.326             1.164       0         
 [44,] g11718  11718     3.86     1.438        0.373             1.207       0         
 [45,] g19253  19253     3.86     1.313        0.34              1.198       0         
 [46,] g31753  31753     3.858    0.808        0.209             1.092       0         
 [47,] g22044  22044     3.83     0.45         0.117             1.058       0         
 [48,] g19179  19179     3.824    0.635        0.166             1.081       0         
 [49,] g11642  11642     3.799    0.878        0.231             1.127       0         
 [50,] g34092  34092     3.781    0.597        0.158             1.08        0         
 [51,] g31156  31156     3.779    1.005        0.266             1.104       0         
 [52,] g18228  18228     3.777    1.035        0.274             1.09        0         
 [53,] g23232  23232     3.775    0.839        0.222             1.072       0         
 [54,] g32280  32280     3.765    0.681        0.181             1.097       0         
 [55,] g36355  36355     3.765    1.015        0.27              1.124       0         
 [56,] g18397  18397     3.761    0.68         0.181             1.078       0         
 [57,] g45608  45608     3.725    0.453        0.122             1.067       0         
 [58,] g23101  23101     3.724    0.759        0.204             1.116       0         
 [59,] g40832  40832     3.719    1.648        0.443             1.261       0         
 [60,] g36436  36436     3.715    0.665        0.179             1.077       0         
 [61,] g31097  31097     3.689    0.612        0.166             1.068       0         
 [62,] g11895  11895     3.678    1.005        0.273             1.137       0         
 [63,] g48255  48255     3.677    0.502        0.136             1.069       0         
 [64,] g35731  35731     3.666    0.651        0.178             1.086       0         
 [65,] g15538  15538     3.646    0.508        0.139             1.121       0         
 [66,] g21116  21116     3.642    0.954        0.262             1.102       0         
 [67,] g13421  13421     3.625    0.776        0.214             1.076       0         
 [68,] g22355  22355     3.625    0.75         0.207             1.087       0         
 [69,] g12890  12890     3.624    0.471        0.13              1.06        0         
 [70,] g31907  31907     3.62     0.489        0.135             1.058       0         
 [71,] g18382  18382     3.62     0.848        0.234             1.111       0         
 [72,] g37514  37514     3.617    0.499        0.138             1.07        0         
 [73,] g36483  36483     3.605    0.582        0.161             1.066       0         
 [74,] g10764  10764     3.6      0.834        0.232             1.078       0         
 [75,] g2622   2622      3.599    0.633        0.176             1.104       0         
 [76,] g11582  11582     3.596    0.8          0.223             1.096       0         
 [77,] g29148  29148     3.591    0.812        0.226             1.112       0         
 [78,] g30803  30803     3.59     0.49         0.137             1.05        0         
 [79,] g21720  21720     3.59     0.482        0.134             1.083       0         
 [80,] g18553  18553     3.587    1.55         0.432             1.234       0         
 [81,] g11860  11860     3.584    1.024        0.286             1.121       0         
 [82,] g21220  21220     3.577    1.244        0.348             1.127       0         
 [83,] g20761  20761     3.575    1.756        0.491             1.245       0         
 [84,] g18544  18544     3.575    0.684        0.191             1.085       0         
 [85,] g3533   3533      3.567    0.465        0.13              1.067       0         
 [86,] g18555  18555     3.555    1.205        0.339             1.11        0         
 [87,] g18145  18145     3.546    1.149        0.324             1.116       0         
 [88,] g14545  14545     3.546    0.637        0.18              1.088       0         
 [89,] g23759  23759     3.543    1.001        0.282             1.092       0         
 [90,] g44893  44893     3.532    0.554        0.157             1.086       0         
 [91,] g2607   2607      3.515    0.704        0.2               1.082       0         
 [92,] g41211  41211     3.514    0.785        0.223             1.123       0         
 [93,] g994    994       3.507    0.69         0.197             1.092       0         
 [94,] g15580  15580     3.506    0.951        0.271             1.131       0         
 [95,] g10435  10435     3.502    0.954        0.272             1.12        0         
 [96,] g24464  24464     3.5      0.685        0.196             1.092       0         
 [97,] g35757  35757     3.493    0.458        0.131             1.05        0         
 [98,] g23974  23974     3.492    1.747        0.5               1.258       0         
 [99,] g14931  14931     3.476    1.377        0.396             1.162       0         
[100,] g26783  26783     3.475    0.791        0.228             1.134       0         
[101,] g33783  33783     3.473    0.397        0.114             1.068       0         
[102,] g37407  37407     3.464    0.603        0.174             1.12        0         
[103,] g33961  33961     3.464    0.683        0.197             1.088       0         
[104,] g12494  12494     3.464    0.588        0.17              1.071       0         
[105,] g11827  11827     3.46     0.46         0.133             1.048       0         
[106,] g34218  34218     3.458    0.649        0.188             1.084       0         
[107,] g51484  51484     3.45     0.751        0.218             1.123       0         
[108,] g28869  28869     3.447    0.635        0.184             1.087       0         
[109,] g27025  27025     3.438    0.852        0.248             1.114       0         
[110,] g15914  15914     3.438    0.473        0.138             1.055       0         
[111,] g10336  10336     3.436    1.117        0.325             1.119       0         
[112,] g32073  32073     3.435    0.531        0.155             1.07        0         
[113,] g11535  11535     3.433    1.003        0.292             1.113       0         
[114,] g51166  51166     3.428    0.757        0.221             1.142       0         
[115,] g21294  21294     3.425    0.588        0.172             1.061       0         
[116,] g35877  35877     3.421    0.632        0.185             1.081       0         
[117,] g14995  14995     3.415    0.689        0.202             1.084       0         
[118,] g19061  19061     3.411    0.598        0.175             1.082       0         
[119,] g24416  24416     3.408    1.482        0.435             1.21        0         
[120,] g52521  52521     3.407    0.798        0.234             1.122       0         
[121,] g35463  35463     3.391    0.661        0.195             1.076       0         
[122,] g54632  54632     3.384    1.062        0.314             1.119       0         
[123,] g51316  51316     3.384    0.324        0.096             1.042       0         
[124,] g24304  24304     3.379    0.734        0.217             1.097       0         
[125,] g11806  11806     3.377    0.572        0.169             1.079       0         
[126,] g45689  45689     3.376    1.105        0.327             1.14        0         
[127,] g28494  28494     3.369    0.787        0.234             1.142       0         
[128,] g18377  18377     3.352    0.5          0.149             1.062       0         
[129,] g10365  10365     3.35     0.47         0.14              1.05        0         
[130,] g5810   5810      3.341    0.529        0.158             1.093       0         
[131,] g36351  36351     3.337    0.617        0.185             1.09        0         
[132,] g53596  53596     3.331    0.443        0.133             1.058       0         
[133,] g11885  11885     3.331    0.585        0.176             1.073       0         
[134,] g12312  12312     3.331    0.772        0.232             1.135       0         
[135,] g20855  20855     3.325    0.931        0.28              1.094       0         
[136,] g39255  39255     3.321    0.762        0.229             1.116       0         
[137,] g2418   2418      3.319    0.374        0.113             1.081       0         
[138,] g36748  36748     3.317    0.506        0.152             1.071       0         
[139,] g13302  13302     3.316    0.618        0.186             1.098       0         
[140,] g36624  36624     3.309    0.448        0.135             1.079       0         
[141,] g39688  39688     3.305    0.37         0.112             1.049       0         
[142,] g18163  18163     3.303    0.654        0.198             1.077       0         
[143,] g26211  26211     3.278    0.489        0.149             1.062       0         
[144,] g21384  21384     3.273    0.503        0.154             1.052       0         
[145,] g35187  35187     3.272    0.6          0.183             1.072       0         
[146,] g27416  27416     3.267    0.595        0.182             1.074       0         
[147,] g21919  21919     3.265    0.873        0.267             1.141       0         
[148,] g22805  22805     3.259    0.513        0.157             1.057       0         
[149,] g27106  27106     3.254    0.446        0.137             1.046       0.562     
[150,] g12682  12682     3.246    0.511        0.158             1.067       0.562     
[151,] g37493  37493     3.243    0.276        0.085             1.032       0.562     
[152,] g38705  38705     3.235    1.266        0.391             1.153       0.562     
[153,] g14354  14354     3.235    0.475        0.147             1.049       0.562     
[154,] g8843   8843      3.227    0.468        0.145             1.081       0.562     
[155,] g38449  38449     3.226    0.612        0.19              1.078       0.562     
[156,] g33822  33822     3.225    0.571        0.177             1.055       0.562     
[157,] g14297  14297     3.224    0.47         0.146             1.05        0.562     
[158,] g35211  35211     3.223    0.554        0.172             1.066       0.562     
[159,] g17856  17856     3.22     0.785        0.244             1.107       0.562     
[160,] g25856  25856     3.218    0.562        0.175             1.065       0.562     
[161,] g17442  17442     3.216    0.544        0.169             1.065       0.562     
[162,] g40140  40140     3.215    0.555        0.172             1.071       0.562     
[163,] g12956  12956     3.214    0.796        0.248             1.123       0.562     
[164,] g18365  18365     3.212    0.765        0.238             1.075       0.562     
[165,] g54309  54309     3.208    1            0.312             1.205       0.562     
[166,] g14377  14377     3.208    0.571        0.178             1.079       0.562     
[167,] g22151  22151     3.207    0.563        0.176             1.057       0.562     
[168,] g14269  14269     3.206    0.803        0.25              1.125       0.562     
[169,] g21592  21592     3.187    0.515        0.162             1.06        0.562     
[170,] g35189  35189     3.185    0.464        0.146             1.065       0.562     
[171,] g14195  14195     3.183    0.973        0.306             1.125       0.562     
[172,] g54527  54527     3.176    0.578        0.182             1.079       0.562     
[173,] g28790  28790     3.176    0.438        0.138             1.051       0.562     
[174,] g20856  20856     3.175    0.91         0.287             1.092       0.562     
[175,] g7552   7552      3.175    0.248        0.078             1.057       0.562     
[176,] g33946  33946     3.174    0.344        0.108             1.034       0.562     
[177,] g23503  23503     3.174    0.627        0.198             1.07        0.562     
[178,] g37326  37326     3.174    0.706        0.222             1.118       0.562     
[179,] g28804  28804     3.174    0.665        0.21              1.096       0.562     
[180,] g34431  34431     3.17     0.568        0.179             1.08        0.562     
[181,] g33922  33922     3.168    0.45         0.142             1.042       0.562     
[182,] g11488  11488     3.166    0.455        0.144             1.05        0.562     
[183,] g18901  18901     3.163    0.607        0.192             1.085       0.562     
[184,] g11886  11886     3.162    0.761        0.241             1.11        0.562     
[185,] g11515  11515     3.159    0.552        0.175             1.061       0.562     
[186,] g1272   1272      3.145    0.792        0.252             1.186       0.562     
[187,] g44671  44671     3.136    0.626        0.2               1.104       0.562     
[188,] g13171  13171     3.134    0.718        0.229             1.072       0.562     
[189,] g21800  21800     3.127    0.455        0.145             1.05        0.562     
[190,] g24105  24105     3.125    0.583        0.186             1.078       0.562     
[191,] g13916  13916     3.125    0.622        0.199             1.084       0.562     
[192,] g39990  39990     3.121    0.371        0.119             1.049       0.562     
[193,] g39072  39072     3.113    0.347        0.112             1.044       0.562     
[194,] g54623  54623     3.112    0.449        0.144             1.036       0.562     
[195,] g37415  37415     3.109    0.356        0.115             1.047       0.562     
[196,] g13412  13412     3.107    0.609        0.196             1.092       0.562     
[197,] g28637  28637     3.103    0.817        0.263             1.106       0.562     
[198,] g12597  12597     3.1      0.644        0.208             1.103       0.562     
[199,] g23359  23359     3.099    0.621        0.2               1.096       0.562     
[200,] g11247  11247     3.096    0.594        0.192             1.083       0.562     
[201,] g21743  21743     3.092    0.48         0.155             1.056       0.562     
[202,] g53288  53288     3.09     0.466        0.151             1.07        0.562     
[203,] g18800  18800     3.089    0.703        0.227             1.081       0.562     
[204,] g48011  48011     3.086    0.462        0.15              1.054       0.562     
[205,] g19826  19826     3.084    0.521        0.169             1.058       0.562     
[206,] g21254  21254     3.083    0.454        0.147             1.044       0.562     
[207,] g53038  53038     3.08     0.298        0.097             1.071       0.562     
[208,] g15820  15820     3.08     0.52         0.169             1.059       0.562     
[209,] g28174  28174     3.076    0.45         0.146             1.059       0.562     
[210,] g21510  21510     3.076    0.796        0.259             1.068       0.562     
[211,] g19905  19905     3.074    0.737        0.24              1.083       0.562     
[212,] g45106  45106     3.071    0.498        0.162             1.072       0.562     
[213,] g33126  33126     3.068    0.507        0.165             1.082       0.562     
[214,] g31230  31230     3.067    0.26         0.085             1.034       0.562     
[215,] g35258  35258     3.065    0.404        0.132             1.042       0.562     
[216,] g54651  54651     3.065    0.411        0.134             1.033       0.562     
[217,] g41630  41630     3.059    0.379        0.124             1.071       0.562     
[218,] g53843  53843     3.057    0.371        0.121             1.063       0.562     
[219,] g52664  52664     3.054    0.448        0.147             1.059       0.562     
[220,] g49229  49229     3.053    0.554        0.182             1.085       0.562     
[221,] g11193  11193     3.051    0.248        0.081             1.057       0.562     
[222,] g44812  44812     3.049    0.418        0.137             1.06        0.562     
[223,] g15995  15995     3.044    0.406        0.133             1.07        0.562     
[224,] g35687  35687     3.043    0.579        0.19              1.066       0.562     
[225,] g37431  37431     3.042    0.465        0.153             1.056       0.562     
[226,] g34317  34317     3.042    0.387        0.127             1.05        0.562     
[227,] g51875  51875     3.041    0.915        0.301             1.142       0.562     
[228,] g12382  12382     3.039    0.485        0.16              1.06        0.562     
[229,] g33706  33706     3.035    0.245        0.081             1.049       0.562     
[230,] g24046  24046     3.034    0.296        0.098             1.03        0.562     
[231,] g27016  27016     3.033    0.517        0.171             1.055       0.562     
[232,] g35859  35859     3.032    0.759        0.25              1.116       0.562     
[233,] g12398  12398     3.029    0.486        0.161             1.067       0.916     
[234,] g27773  27773     3.027    0.404        0.133             1.043       0.916     
[235,] g23629  23629     3.025    0.636        0.21              1.112       0.916     
[236,] g47697  47697     3.022    0.629        0.208             1.079       0.916     
[237,] g16379  16379     3.021    0.713        0.236             1.108       0.916     
[238,] g13214  13214     3.019    0.656        0.217             1.088       0.916     
[239,] g36330  36330     3.017    0.348        0.115             1.036       0.916     
[240,] g12772  12772     3.014    0.567        0.188             1.102       0.916     
[241,] g37062  37062     3.009    0.443        0.147             1.06        0.916     
[242,] g54624  54624     3.008    0.919        0.305             1.083       0.916     
[243,] g36385  36385     3.007    0.412        0.137             1.047       0.916     
[244,] g24149  24149     3.004    0.423        0.141             1.048       0.916     
[245,] g18462  18462     3        1.055        0.352             1.111       0.916     
[246,] g54625  54625     2.998    0.465        0.155             1.038       0.916     
[247,] g34568  34568     2.996    0.492        0.164             1.059       0.916     
[248,] g39147  39147     2.996    0.365        0.122             1.055       0.916     
[249,] g41116  41116     2.993    0.474        0.158             1.063       0.916     
[250,] g5603   5603      2.992    0.319        0.107             1.066       0.916     
[251,] g17253  17253     2.991    0.304        0.102             1.05        0.916     
[252,] g17721  17721     2.991    0.522        0.174             1.096       0.916     
[253,] g25561  25561     2.989    0.594        0.199             1.08        0.916     
[254,] g24036  24036     2.987    0.341        0.114             1.04        0.916     
[255,] g35950  35950     2.985    0.54         0.181             1.061       0.916     
[256,] g1745   1745      2.971    0.476        0.16              1.088       0.916     
[257,] g34429  34429     2.96     0.553        0.187             1.099       0.916     
[258,] g27971  27971     2.953    0.323        0.109             1.04        0.916     
[259,] g18831  18831     2.953    0.758        0.257             1.109       0.916     
[260,] g12353  12353     2.952    0.487        0.165             1.082       0.916     
[261,] g14442  14442     2.95     0.494        0.168             1.06        0.916     
[262,] g36350  36350     2.949    0.399        0.135             1.05        0.916     
[263,] g11733  11733     2.947    0.576        0.195             1.066       0.916     
[264,] g45016  45016     2.944    0.384        0.13              1.073       0.916     
[265,] g10773  10773     2.94     0.848        0.288             1.129       0.916     
[266,] g37868  37868     2.939    0.653        0.222             1.079       0.916     
[267,] g33993  33993     2.937    0.488        0.166             1.064       0.916     
[268,] g30407  30407     2.936    0.414        0.141             1.05        0.916     
[269,] g37297  37297     2.935    0.444        0.151             1.083       0.916     
[270,] g31282  31282     2.934    0.339        0.115             1.036       0.916     
[271,] g41131  41131     2.932    0.641        0.219             1.083       0.916     
[272,] g11039  11039     2.93     0.495        0.169             1.055       0.916     
[273,] g54534  54534     2.928    0.373        0.128             1.048       0.916     
[274,] g11334  11334     2.928    0.288        0.098             1.026       0.916     
[275,] g10263  10263     2.926    0.36         0.123             1.036       0.916     
[276,] g13863  13863     2.924    0.993        0.34              1.122       0.916     
[277,] g50685  50685     2.923    0.353        0.121             1.058       0.916     
[278,] g44896  44896     2.92     0.357        0.122             1.053       0.916     
[279,] g13051  13051     2.919    0.613        0.21              1.061       0.916     
[280,] g15254  15254     2.919    0.419        0.144             1.054       0.916     
[281,] g54285  54285     2.918    0.396        0.136             1.069       0.916     
[282,] g20088  20088     2.917    0.454        0.156             1.091       0.916     
[283,] g35958  35958     2.917    0.824        0.283             1.109       0.916     
[284,] g11090  11090     2.916    0.874        0.3               1.115       0.916     
[285,] g5283   5283      2.914    0.299        0.103             1.06        0.916     
[286,] g18929  18929     2.914    0.423        0.145             1.058       0.916     
[287,] g36013  36013     2.911    0.879        0.302             1.107       0.916     
[288,] g24831  24831     2.909    0.459        0.158             1.055       0.916     
[289,] g13635  13635     2.905    0.492        0.169             1.067       0.916     
[290,] g24040  24040     2.905    0.408        0.14              1.049       0.916     
[291,] g24792  24792     2.903    0.505        0.174             1.062       0.916     
[292,] g25240  25240     2.903    0.777        0.268             1.113       0.916     
[293,] g11688  11688     2.901    0.394        0.136             1.048       0.916     
[294,] g44234  44234     2.901    0.39         0.134             1.06        1.152     
[295,] g22848  22848     2.9      0.5          0.172             1.059       1.152     
[296,] g54650  54650     2.899    0.896        0.309             1.08        1.152     
[297,] g52963  52963     2.892    0.435        0.15              1.074       1.152     
[298,] g32923  32923     2.892    0.32         0.111             1.044       1.152     
[299,] g54183  54183     2.891    0.369        0.128             1.04        1.152     
[300,] g31029  31029     2.89     0.504        0.174             1.049       1.152     
[301,] g34860  34860     2.89     0.486        0.168             1.059       1.152     
[302,] g37204  37204     2.885    0.396        0.137             1.039       1.152     
[303,] g52848  52848     2.883    0.312        0.108             1.053       1.152     
[304,] g35918  35918     2.882    0.272        0.094             1.042       1.152     
[305,] g20351  20351     2.881    0.565        0.196             1.07        1.152     
[306,] g22067  22067     2.88     0.53         0.184             1.055       1.152     
[307,] g39843  39843     2.88     0.4          0.139             1.056       1.152     
[308,] g13952  13952     2.877    0.25         0.087             1.03        1.152     
[309,] g26722  26722     2.875    0.808        0.281             1.096       1.152     
[310,] g4545   4545      2.873    0.313        0.109             1.052       1.152     
[311,] g7241   7241      2.866    0.345        0.12              1.044       1.152     
[312,] g11340  11340     2.865    0.558        0.195             1.044       1.152     
[313,] g36515  36515     2.865    0.566        0.198             1.058       1.152     
[314,] g24674  24674     2.865    1.127        0.393             1.168       1.152     
[315,] g31108  31108     2.864    0.349        0.122             1.044       1.152     
[316,] g3368   3368      2.863    0.479        0.167             1.082       1.152     
[317,] g11115  11115     2.862    0.707        0.247             1.082       1.152     
[318,] g32780  32780     2.858    0.766        0.268             1.102       1.152     
[319,] g15000  15000     2.857    0.808        0.283             1.149       1.152     
[320,] g19171  19171     2.857    0.49         0.171             1.06        1.152     
[321,] g35157  35157     2.856    0.39         0.136             1.041       1.152     
[322,] g53948  53948     2.855    0.547        0.192             1.071       1.152     
[323,] g12729  12729     2.855    0.439        0.154             1.059       1.152     
[324,] g38996  38996     2.855    0.344        0.121             1.049       1.152     
[325,] g51301  51301     2.854    0.428        0.15              1.081       1.152     
[326,] g42645  42645     2.853    0.659        0.231             1.125       1.152     
[327,] g32495  32495     2.852    0.429        0.15              1.055       1.152     
[328,] g11080  11080     2.851    0.456        0.16              1.062       1.152     
[329,] g37643  37643     2.85     0.329        0.116             1.046       1.152     
[330,] g1244   1244      2.848    0.389        0.137             1.056       1.152     
[331,] g17814  17814     2.847    0.366        0.129             1.049       1.152     
[332,] g34386  34386     2.842    0.365        0.128             1.05        1.152     
[333,] g10818  10818     2.842    0.599        0.211             1.079       1.152     
[334,] g44865  44865     2.84     0.397        0.14              1.072       1.152     
[335,] g21429  21429     2.84     0.5          0.176             1.081       1.152     
[336,] g24563  24563     2.839    0.509        0.179             1.074       1.152     
[337,] g34892  34892     2.837    0.57         0.201             1.074       1.152     
[338,] g30380  30380     2.834    0.266        0.094             1.04        1.152     
[339,] g12842  12842     2.834    0.351        0.124             1.049       1.152     
[340,] g36952  36952     2.833    0.903        0.319             1.162       1.152     
[341,] g35912  35912     2.832    0.379        0.134             1.041       1.152     
[342,] g12563  12563     2.832    0.588        0.208             1.058       1.152     
[343,] g49708  49708     2.831    0.514        0.181             1.069       1.152     
[344,] g34014  34014     2.83     0.36         0.127             1.041       2.352     
[345,] g18768  18768     2.829    0.365        0.129             1.057       2.352     
[346,] g21729  21729     2.828    0.565        0.2               1.05        2.352     
[347,] g31988  31988     2.826    0.314        0.111             1.038       2.352     
[348,] g31648  31648     2.825    0.335        0.119             1.038       2.352     
[349,] g28969  28969     2.825    0.456        0.162             1.068       2.352     
[350,] g34700  34700     2.823    0.388        0.138             1.047       2.352     
[351,] g50610  50610     2.821    0.22         0.078             1.049       2.352     
[352,] g32712  32712     2.818    0.934        0.332             1.165       2.352     
[353,] g36320  36320     2.817    0.509        0.181             1.047       2.352     
[354,] g27522  27522     2.808    0.495        0.176             1.069       2.352     
[355,] g50177  50177     2.808    0.345        0.123             1.057       2.352     
[356,] g12792  12792     2.807    0.261        0.093             1.033       2.352     
[357,] g17858  17858     2.803    0.411        0.147             1.058       2.352     
[358,] g15020  15020     2.802    0.883        0.315             1.132       2.352     
[359,] g2533   2533      2.799    0.311        0.111             1.041       2.352     
[360,] g11629  11629     2.798    0.493        0.176             1.064       2.352     
[361,] g51762  51762     2.797    0.402        0.144             1.07        2.352     
[362,] g19741  19741     2.794    0.35         0.125             1.047       2.352     
[363,] g24687  24687     2.792    0.303        0.109             1.069       2.352     
[364,] g857    857       2.792    0.473        0.169             1.093       2.352     
[365,] g28642  28642     2.786    0.468        0.168             1.057       2.352     
[366,] g40046  40046     2.784    0.606        0.218             1.085       2.352     
[367,] g36102  36102     2.782    0.512        0.184             1.068       2.352     
[368,] g24067  24067     2.781    0.811        0.292             1.161       2.352     
[369,] g11310  11310     2.781    0.335        0.121             1.045       2.352     
[370,] g34070  34070     2.78     0.454        0.163             1.056       2.352     
[371,] g54649  54649     2.779    0.337        0.121             1.027       2.352     
[372,] g28975  28975     2.779    0.335        0.12              1.046       2.352     
[373,] g26603  26603     2.775    0.633        0.228             1.065       2.352     
[374,] g19496  19496     2.773    0.816        0.294             1.09        2.352     
[375,] g11299  11299     2.77     0.591        0.213             1.085       2.352     
[376,] g4080   4080      2.77     0.225        0.081             1.039       2.352     
[377,] g4510   4510      2.77     0.467        0.169             1.059       2.352     
[378,] g18036  18036     2.77     0.465        0.168             1.04        2.352     
[379,] g12857  12857     2.761    0.275        0.1               1.038       3.658     
[380,] g18710  18710     2.76     0.508        0.184             1.076       3.658     
[381,] g21836  21836     2.758    0.537        0.195             1.058       3.658     
[382,] g3105   3105      2.757    0.523        0.19              1.091       3.658     
[383,] g2632   2632      2.756    0.309        0.112             1.037       3.658     
[384,] g11211  11211     2.752    0.416        0.151             1.045       3.658     
[385,] g41083  41083     2.75     0.48         0.174             1.059       3.658     
[386,] g29515  29515     2.75     0.602        0.219             1.08        3.658     
[387,] g28526  28526     2.75     0.225        0.082             1.026       3.658     
[388,] g12197  12197     2.749    0.795        0.289             1.101       3.658     
[389,] g11708  11708     2.748    0.439        0.16              1.06        3.658     
[390,] g52881  52881     2.746    0.327        0.119             1.066       3.658     
[391,] g28656  28656     2.746    0.502        0.183             1.059       3.658     
[392,] g32779  32779     2.743    0.536        0.195             1.076       3.658     
[393,] g16989  16989     2.743    0.505        0.184             1.043       3.658     
[394,] g3609   3609      2.742    0.292        0.106             1.065       3.658     
[395,] g4800   4800      2.742    0.259        0.094             1.032       3.658     
[396,] g13330  13330     2.738    0.637        0.233             1.064       3.658     
[397,] g30371  30371     2.738    0.481        0.176             1.069       3.658     
[398,] g11105  11105     2.737    0.496        0.181             1.063       3.658     
[399,] g13041  13041     2.735    0.503        0.184             1.09        3.658     
[400,] g45712  45712     2.735    0.378        0.138             1.05        3.658     
[401,] g28106  28106     2.733    0.396        0.145             1.054       3.658     
[402,] g13531  13531     2.733    0.533        0.195             1.08        3.658     
[403,] g38375  38375     2.73     0.42         0.154             1.051       3.658     
[404,] g13930  13930     2.727    0.472        0.173             1.05        3.658     
[405,] g21288  21288     2.725    0.561        0.206             1.075       3.658     
[406,] g5288   5288      2.72     0.277        0.102             1.057       3.658     
[407,] g34921  34921     2.72     0.322        0.118             1.032       3.658     
[408,] g20470  20470     2.72     0.306        0.112             1.041       3.658     
[409,] g48719  48719     2.719    0.308        0.113             1.047       3.658     
[410,] g10957  10957     2.718    0.559        0.206             1.075       3.658     
[411,] g36285  36285     2.718    0.543        0.2               1.065       3.658     
[412,] g25524  25524     2.716    0.898        0.33              1.078       3.658     
[413,] g18077  18077     2.716    0.502        0.185             1.057       3.658     
[414,] g31650  31650     2.715    0.355        0.131             1.051       3.658     
[415,] g28208  28208     2.714    0.439        0.162             1.063       3.658     
[416,] g51914  51914     2.712    0.319        0.118             1.069       3.658     
[417,] g54588  54588     2.712    0.511        0.188             1.086       3.658     
[418,] g34019  34019     2.712    0.275        0.102             1.033       3.658     
[419,] g21374  21374     2.711    0.578        0.213             1.071       3.658     
[420,] g35170  35170     2.709    0.562        0.207             1.072       3.658     
[421,] g18571  18571     2.706    0.45         0.166             1.07        3.658     
[422,] g51068  51068     2.705    0.356        0.132             1.045       3.658     
[423,] g8439   8439      2.703    0.369        0.137             1.055       3.658     
[424,] g26705  26705     2.702    0.444        0.164             1.052       3.658     
[425,] g52233  52233     2.702    0.319        0.118             1.049       3.658     
[426,] g39579  39579     2.701    0.297        0.11              1.05        3.658     
[427,] g15302  15302     2.7      0.321        0.119             1.038       3.658     
[428,] g12220  12220     2.7      0.467        0.173             1.065       3.658     
[429,] g47823  47823     2.699    0.549        0.203             1.061       3.658     
[430,] g24496  24496     2.699    0.415        0.154             1.074       3.658     
[431,] g12313  12313     2.698    0.546        0.202             1.075       3.658     
[432,] g44239  44239     2.697    0.7          0.259             1.064       3.658     
[433,] g23235  23235     2.697    0.257        0.095             1.037       3.658     
[434,] g36756  36756     2.696    0.499        0.185             1.062       3.658     
[435,] g2522   2522      2.694    0.338        0.126             1.037       3.658     
[436,] g21563  21563     2.694    0.391        0.145             1.049       3.658     
[437,] g32869  32869     2.694    0.623        0.231             1.091       3.658     
[438,] g21793  21793     2.694    0.279        0.104             1.03        3.658     
[439,] g34043  34043     2.691    0.343        0.128             1.035       3.658     
[440,] g11711  11711     2.69     0.419        0.156             1.05        3.658     
[441,] g667    667       2.69     0.57         0.212             1.054       3.658     
[442,] g42047  42047     2.69     0.345        0.128             1.04        3.658     
[443,] g31216  31216     2.689    0.485        0.18              1.098       3.658     
[444,] g10478  10478     2.689    0.644        0.24              1.061       3.658     
[445,] g18801  18801     2.688    0.617        0.229             1.099       3.658     
[446,] g10980  10980     2.688    0.467        0.174             1.049       3.658     
[447,] g22893  22893     2.687    0.712        0.265             1.078       3.658     
[448,] g21334  21334     2.685    0.56         0.209             1.065       5.015     
[449,] g53665  53665     2.683    0.524        0.195             1.074       5.015     
[450,] g37666  37666     2.683    0.344        0.128             1.048       5.015     
[451,] g31037  31037     2.682    0.28         0.105             1.028       5.015     
[452,] g39455  39455     2.68     0.41         0.153             1.05        5.015     
[453,] g39832  39832     2.68     0.68         0.254             1.063       5.015     
[454,] g13700  13700     2.68     0.355        0.133             1.053       5.015     
[455,] g4538   4538      2.68     0.19         0.071             1.043       5.015     
[456,] g28209  28209     2.679    0.412        0.154             1.062       5.015     
[457,] g28087  28087     2.679    0.52         0.194             1.075       5.015     
[458,] g37786  37786     2.679    0.651        0.243             1.141       5.015     
[459,] g34161  34161     2.678    0.458        0.171             1.053       5.015     
[460,] g3528   3528      2.678    0.259        0.097             1.046       5.015     
[461,] g14419  14419     2.675    0.494        0.185             1.084       5.015     
[462,] g37408  37408     2.674    0.498        0.186             1.068       5.015     
[463,] g52157  52157     2.674    1.051        0.393             1.181       5.015     
[464,] g22921  22921     2.674    0.665        0.249             1.082       5.015     
[465,] g37366  37366     2.671    0.371        0.139             1.056       5.015     
[466,] g32357  32357     2.671    0.438        0.164             1.064       5.015     
[467,] g29506  29506     2.67     0.377        0.141             1.058       5.015     
[468,] g15193  15193     2.67     0.335        0.126             1.043       5.015     
[469,] g48869  48869     2.668    0.363        0.136             1.06        5.015     
[470,] g13855  13855     2.668    0.417        0.156             1.085       5.015     
[471,] g36509  36509     2.668    0.773        0.29              1.093       5.015     
[472,] g10423  10423     2.666    0.402        0.151             1.046       5.015     
[473,] g21627  21627     2.665    0.311        0.117             1.04        5.015     
[474,] g37720  37720     2.665    0.409        0.153             1.061       5.015     
[475,] g28649  28649     2.665    0.385        0.144             1.054       5.015     
[476,] g18789  18789     2.665    0.303        0.114             1.033       5.015     
[477,] g38536  38536     2.664    0.426        0.16              1.051       5.015     
[478,] g1753   1753      2.662    0.16         0.06              1.038       5.015     
[479,] g10590  10590     2.661    1.052        0.395             1.144       5.015     
[480,] g25122  25122     2.659    0.363        0.137             1.057       5.015     
[481,] g28441  28441     2.657    0.345        0.13              1.044       5.015     
[482,] g18213  18213     2.657    0.445        0.168             1.063       5.015     
[483,] g35705  35705     2.656    0.478        0.18              1.057       5.015     
[484,] g4559   4559      2.655    0.298        0.112             1.061       5.015     
[485,] g16018  16018     2.655    0.649        0.245             1.069       5.015     
[486,] g32115  32115     2.654    0.368        0.139             1.046       5.015     
[487,] g21986  21986     2.654    0.398        0.15              1.053       5.015     
[488,] g10610  10610     2.653    0.585        0.22              1.075       5.015     
[489,] g37642  37642     2.653    0.252        0.095             1.033       5.015     
[490,] g17601  17601     2.652    0.262        0.099             1.029       5.015     
[491,] g46541  46541     2.652    0.171        0.064             1.034       5.015     
[492,] g46133  46133     2.652    0.28         0.106             1.036       5.015     
[493,] g53076  53076     2.652    0.408        0.154             1.061       5.015     
[494,] g21272  21272     2.652    0.549        0.207             1.07        5.015     
[495,] g36387  36387     2.651    0.406        0.153             1.057       5.015     
[496,] g2232   2232      2.649    0.561        0.212             1.107       5.015     
[497,] g14966  14966     2.647    0.485        0.183             1.077       5.015     
[498,] g15189  15189     2.646    0.91         0.344             1.106       5.015     
[499,] g35297  35297     2.644    0.653        0.247             1.096       5.015     
[500,] g20398  20398     2.644    0.414        0.157             1.043       5.015     
[501,] g19809  19809     2.644    0.229        0.086             1.04        5.015     
[502,] g3886   3886      2.642    0.311        0.118             1.052       5.015     
[503,] g13068  13068     2.639    0.391        0.148             1.045       5.015     
[504,] g49180  49180     2.639    0.385        0.146             1.062       5.015     
[505,] g29185  29185     2.638    0.172        0.065             1.021       5.015     
[506,] g21849  21849     2.638    0.373        0.141             1.06        5.015     
[507,] g30304  30304     2.637    0.499        0.189             1.068       5.015     
[508,] g38888  38888     2.637    0.449        0.17              1.062       5.015     
[509,] g28774  28774     2.635    0.37         0.141             1.044       5.015     
[510,] g18514  18514     2.634    0.47         0.178             1.059       5.015     
[511,] g52074  52074     2.632    0.328        0.124             1.045       5.015     
[512,] g31589  31589     2.631    0.422        0.16              1.087       5.015     
[513,] g27339  27339     2.628    0.404        0.154             1.041       5.015     
[514,] g24049  24049     2.626    0.369        0.141             1.044       5.015     
[515,] g13876  13876     2.625    0.334        0.127             1.05        5.015     
[516,] g18414  18414     2.625    0.371        0.141             1.041       5.015     
[517,] g50634  50634     2.622    0.256        0.098             1.058       5.015     
[518,] g47577  47577     2.622    0.456        0.174             1.072       5.015     
[519,] g16632  16632     2.621    0.432        0.165             1.043       5.015     
[520,] g19024  19024     2.62     0.25         0.095             1.056       5.015     
[521,] g21707  21707     2.619    0.271        0.104             1.032       5.015     
[522,] g48861  48861     2.617    0.401        0.153             1.052       5.015     
[523,] g36864  36864     2.617    0.403        0.154             1.049       5.015     
[524,] g36530  36530     2.616    0.369        0.141             1.041       5.015     
[525,] g35741  35741     2.616    0.43         0.164             1.046       5.015     
[526,] g27252  27252     2.616    0.424        0.162             1.066       5.015     
[527,] g51624  51624     2.616    0.359        0.137             1.062       5.015     
[528,] g50877  50877     2.616    0.331        0.126             1.044       5.015     
[529,] g28601  28601     2.616    0.227        0.087             1.042       5.015     
[530,] g27413  27413     2.614    0.316        0.121             1.034       5.015     
[531,] g37498  37498     2.612    0.366        0.14              1.054       5.015     
[532,] g3721   3721      2.612    0.511        0.196             1.063       5.015     
[533,] g12001  12001     2.612    0.651        0.249             1.09        5.015     
[534,] g31075  31075     2.612    0.303        0.116             1.043       5.015     
[535,] g31355  31355     2.612    0.251        0.096             1.051       5.015     
[536,] g19997  19997     2.611    0.939        0.36              1.112       5.015     
[537,] g18198  18198     2.61     0.477        0.183             1.054       5.015     
[538,] g20623  20623     2.61     0.433        0.166             1.049       5.015     
[539,] g51511  51511     2.61     0.3          0.115             1.049       5.015     
[540,] g22279  22279     2.609    0.343        0.131             1.042       5.015     
[541,] g25557  25557     2.607    0.423        0.162             1.06        5.015     
[542,] g1069   1069      2.606    0.266        0.102             1.045       6.705     
[543,] g37374  37374     2.604    0.294        0.113             1.035       6.705     
[544,] g48637  48637     2.602    0.307        0.118             1.057       6.705     
[545,] g27817  27817     2.602    0.421        0.162             1.052       6.705     
[546,] g54441  54441     2.602    0.431        0.166             1.055       6.705     
[547,] g41566  41566     2.601    0.54         0.208             1.085       6.705     
[548,] g34528  34528     2.599    0.504        0.194             1.054       6.705     
[549,] g54181  54181     2.598    0.419        0.161             1.058       6.705     
[550,] g31875  31875     2.595    0.249        0.096             1.038       6.705     
[551,] g35554  35554     2.595    0.372        0.143             1.034       6.705     
[552,] g11460  11460     2.594    0.393        0.152             1.037       6.705     
[553,] g20512  20512     2.593    0.674        0.26              1.108       6.705     
[554,] g1664   1664      2.593    0.297        0.115             1.038       6.705     
[555,] g28280  28280     2.592    0.565        0.218             1.072       6.705     
[556,] g29232  29232     2.592    0.243        0.094             1.048       6.705     
[557,] g23001  23001     2.591    0.314        0.121             1.038       6.705     
[558,] g22232  22232     2.591    0.39         0.15              1.051       6.705     
[559,] g21769  21769     2.59     0.562        0.217             1.061       6.705     
[560,] g13756  13756     2.59     0.339        0.131             1.037       6.705     
[561,] g24270  24270     2.588    0.447        0.173             1.087       6.705     
[562,] g21766  21766     2.587    0.48         0.186             1.062       6.705     
[563,] g37554  37554     2.587    0.478        0.185             1.058       6.705     
[564,] g36822  36822     2.586    0.365        0.141             1.041       6.705     
[565,] g32039  32039     2.586    0.377        0.146             1.05        6.705     
[566,] g53363  53363     2.586    0.512        0.198             1.075       6.705     
[567,] g51206  51206     2.584    0.623        0.241             1.089       6.705     
[568,] g40833  40833     2.584    0.38         0.147             1.084       6.705     
[569,] g47299  47299     2.582    0.56         0.217             1.079       6.705     
[570,] g37047  37047     2.582    0.602        0.233             1.081       6.705     
[571,] g14717  14717     2.581    0.543        0.211             1.107       6.705     
[572,] g35804  35804     2.581    0.448        0.174             1.046       6.705     
[573,] g1268   1268      2.58     0.334        0.129             1.049       6.705     
[574,] g26764  26764     2.58     0.492        0.191             1.063       6.705     
[575,] g38290  38290     2.579    0.281        0.109             1.038       6.705     
[576,] g41030  41030     2.579    0.416        0.161             1.062       6.705     
[577,] g13228  13228     2.578    0.369        0.143             1.081       6.705     
[578,] g33457  33457     2.576    0.276        0.107             1.032       6.705     
[579,] g26879  26879     2.576    0.419        0.163             1.053       6.705     
[580,] g11336  11336     2.572    0.586        0.228             1.071       6.705     
[581,] g51799  51799     2.571    0.266        0.103             1.06        6.705     
[582,] g22804  22804     2.57     0.71         0.276             1.093       6.705     
[583,] g53165  53165     2.57     0.481        0.187             1.066       6.705     
[584,] g52843  52843     2.567    0.354        0.138             1.063       6.705     
[585,] g22099  22099     2.567    0.636        0.248             1.061       6.705     
[586,] g29831  29831     2.565    0.215        0.084             1.03        6.705     
[587,] g5277   5277      2.565    0.324        0.126             1.037       6.705     
[588,] g27558  27558     2.564    0.283        0.11              1.033       6.705     
[589,] g21551  21551     2.564    0.354        0.138             1.039       6.705     
[590,] g33866  33866     2.564    0.7          0.273             1.082       6.705     
[591,] g2668   2668      2.563    0.315        0.123             1.04        6.705     
[592,] g47966  47966     2.563    0.344        0.134             1.045       6.705     
[593,] g28419  28419     2.562    0.585        0.228             1.1         6.705     
[594,] g15116  15116     2.561    0.399        0.156             1.081       6.705     
[595,] g28496  28496     2.561    0.607        0.237             1.095       6.705     
[596,] g48044  48044     2.56     0.279        0.109             1.047       6.705     
[597,] g36508  36508     2.558    0.358        0.14              1.048       6.705     
[598,] g14438  14438     2.557    0.38         0.149             1.044       6.705     
[599,] g36070  36070     2.557    0.462        0.181             1.061       6.705     
[600,] g21053  21053     2.556    0.299        0.117             1.054       6.705     
[601,] g22068  22068     2.556    0.594        0.232             1.07        6.705     
[602,] g27534  27534     2.555    0.328        0.129             1.041       6.705     
[603,] g44930  44930     2.554    0.374        0.146             1.053       6.705     
[604,] g44944  44944     2.554    0.587        0.23              1.072       6.705     
[605,] g8842   8842      2.553    0.393        0.154             1.046       6.705     
[606,] g26125  26125     2.552    1.248        0.489             1.171       6.705     
[607,] g32355  32355     2.551    0.658        0.258             1.062       6.705     
[608,] g10372  10372     2.55     0.697        0.274             1.075       6.705     
[609,] g28144  28144     2.55     0.358        0.14              1.039       6.705     
[610,] g19220  19220     2.549    0.456        0.179             1.059       6.705     
[611,] g27611  27611     2.549    0.293        0.115             1.034       6.705     
[612,] g45587  45587     2.548    0.209        0.082             1.041       6.705     
[613,] g52506  52506     2.548    0.428        0.168             1.051       6.705     
[614,] g34169  34169     2.547    0.387        0.152             1.044       6.705     
[615,] g10334  10334     2.547    0.588        0.231             1.068       6.705     
[616,] g42200  42200     2.546    0.369        0.145             1.05        6.705     
[617,] g11308  11308     2.545    0.71         0.279             1.072       6.705     
[618,] g52941  52941     2.545    0.466        0.183             1.062       6.705     
[619,] g52546  52546     2.545    0.667        0.262             1.08        6.705     
[620,] g27443  27443     2.544    0.344        0.135             1.04        6.705     
[621,] g37519  37519     2.544    0.335        0.132             1.052       6.705     
[622,] g42529  42529     2.543    0.466        0.183             1.065       6.705     
[623,] g14125  14125     2.543    0.517        0.203             1.08        6.705     
[624,] g35230  35230     2.543    0.441        0.174             1.058       6.705     
[625,] g10491  10491     2.542    0.558        0.219             1.066       6.705     
[626,] g23200  23200     2.542    0.333        0.131             1.04        6.705     
[627,] g37580  37580     2.542    0.427        0.168             1.07        6.705     
[628,] g48985  48985     2.541    0.639        0.252             1.082       6.705     
[629,] g19200  19200     2.541    0.407        0.16              1.04        6.705     
[630,] g39900  39900     2.54     0.442        0.174             1.06        6.705     
[631,] g31305  31305     2.54     0.46         0.181             1.051       6.705     
[632,] g38882  38882     2.54     0.17         0.067             1.034       6.705     
[633,] g7370   7370      2.54     0.338        0.133             1.066       6.705     
[634,] g14449  14449     2.538    0.528        0.208             1.066       6.705     
[635,] g36800  36800     2.537    0.283        0.112             1.045       6.705     
[636,] g22160  22160     2.537    0.286        0.113             1.027       6.705     
[637,] g44260  44260     2.536    0.273        0.108             1.034       9.967     
[638,] g32732  32732     2.535    0.515        0.203             1.071       9.967     
[639,] g16910  16910     2.535    0.42         0.166             1.049       9.967     
[640,] g36269  36269     2.535    0.504        0.199             1.067       9.967     
[641,] g28446  28446     2.533    0.421        0.166             1.062       9.967     
[642,] g24205  24205     2.533    0.441        0.174             1.057       9.967     
[643,] g20638  20638     2.531    0.232        0.092             1.029       9.967     
[644,] g36717  36717     2.531    0.586        0.231             1.06        9.967     
[645,] g32956  32956     2.53     0.434        0.171             1.061       9.967     
[646,] g54671  54671     2.53     0.691        0.273             1.052       9.967     
[647,] g26788  26788     2.529    0.507        0.2               1.062       9.967     
[648,] g44407  44407     2.529    0.389        0.154             1.065       9.967     
[649,] g11240  11240     2.528    0.451        0.178             1.056       9.967     
[650,] g16236  16236     2.528    0.264        0.104             1.03        9.967     
[651,] g33046  33046     2.528    0.229        0.091             1.029       9.967     
[652,] g22205  22205     2.527    0.478        0.189             1.049       9.967     
[653,] g21845  21845     2.527    0.348        0.138             1.037       9.967     
[654,] g45914  45914     2.526    0.223        0.088             1.027       9.967     
[655,] g16935  16935     2.526    0.379        0.15              1.051       9.967     
[656,] g51074  51074     2.525    0.425        0.168             1.066       9.967     
[657,] g31054  31054     2.524    0.608        0.241             1.094       9.967     
[658,] g54249  54249     2.523    0.947        0.375             1.122       9.967     
[659,] g36162  36162     2.523    0.282        0.112             1.054       9.967     
[660,] g20379  20379     2.523    0.291        0.116             1.039       9.967     
[661,] g51373  51373     2.523    0.214        0.085             1.03        9.967     
[662,] g54091  54091     2.523    0.477        0.189             1.059       9.967     
[663,] g27435  27435     2.522    0.42         0.166             1.049       9.967     
[664,] g21628  21628     2.522    0.325        0.129             1.038       9.967     
[665,] g13187  13187     2.522    0.424        0.168             1.074       9.967     
[666,] g16732  16732     2.521    0.164        0.065             1.039       9.967     
[667,] g25100  25100     2.52     0.453        0.18              1.059       9.967     
[668,] g52566  52566     2.52     0.152        0.06              1.036       9.967     
[669,] g32008  32008     2.52     0.447        0.177             1.048       9.967     
[670,] g12859  12859     2.519    0.46         0.183             1.055       9.967     
[671,] g12209  12209     2.519    0.446        0.177             1.054       9.967     
[672,] g13938  13938     2.516    0.467        0.186             1.067       9.967     
[673,] g10826  10826     2.515    0.37         0.147             1.043       9.967     
[674,] g18396  18396     2.513    0.507        0.202             1.063       9.967     
[675,] g53899  53899     2.513    0.323        0.129             1.044       9.967     
[676,] g52713  52713     2.512    0.341        0.136             1.055       9.967     
[677,] g41776  41776     2.51     0.4          0.16              1.056       9.967     
[678,] g35802  35802     2.51     0.508        0.203             1.08        9.967     
[679,] g18381  18381     2.509    0.766        0.305             1.097       9.967     
[680,] g3408   3408      2.508    0.371        0.148             1.049       9.967     
[681,] g34054  34054     2.508    0.682        0.272             1.067       9.967     
[682,] g10308  10308     2.507    0.378        0.151             1.045       9.967     
[683,] g17282  17282     2.507    0.342        0.136             1.034       9.967     
[684,] g45312  45312     2.507    0.317        0.126             1.045       9.967     
[685,] g28186  28186     2.507    0.632        0.252             1.076       9.967     
[686,] g51332  51332     2.506    0.42         0.168             1.058       9.967     
[687,] g48942  48942     2.503    0.372        0.148             1.059       9.967     
[688,] g37253  37253     2.503    0.316        0.126             1.032       9.967     
[689,] g30936  30936     2.503    0.362        0.144             1.048       9.967     
[690,] g21873  21873     2.502    0.453        0.181             1.044       9.967     
[691,] g19661  19661     2.502    0.341        0.136             1.069       9.967     
[692,] g13606  13606     2.502    0.506        0.202             1.07        9.967     
[693,] g4082   4082      2.502    0.405        0.162             1.052       9.967     
[694,] g24683  24683     2.501    0.529        0.211             1.085       9.967     
[695,] g1238   1238      2.5      0.354        0.141             1.037       9.967     
[696,] g38605  38605     2.5      0.413        0.165             1.051       9.967     
[697,] g13684  13684     2.5      0.441        0.177             1.087       9.967     
[698,] g43546  43546     2.499    0.348        0.139             1.054       9.967     
[699,] g37756  37756     2.498    0.744        0.298             1.087       9.967     
[700,] g14228  14228     2.497    0.463        0.185             1.072       9.967     
[701,] g51655  51655     2.497    0.504        0.202             1.079       9.967     
[702,] g23206  23206     2.495    0.495        0.198             1.081       9.967     
[703,] g22699  22699     2.494    0.561        0.225             1.089       9.967     
[704,] g39854  39854     2.493    0.659        0.264             1.09        9.967     
[705,] g37612  37612     2.493    0.385        0.154             1.058       9.967     
[706,] g21041  21041     2.492    0.618        0.248             1.065       9.967     
[707,] g50597  50597     2.491    0.457        0.184             1.055       9.967     
[708,] g45187  45187     2.491    0.216        0.087             1.037       9.967     
[709,] g26850  26850     2.49     0.323        0.13              1.066       9.967     
[710,] g20657  20657     2.489    0.353        0.142             1.036       9.967     
[711,] g10109  10109     2.487    0.562        0.226             1.071       9.967     
[712,] g54540  54540     2.486    0.219        0.088             1.042       9.967     
[713,] g41631  41631     2.486    0.257        0.104             1.046       9.967     
[714,] g52904  52904     2.486    0.334        0.135             1.058       9.967     
[715,] g4379   4379      2.485    0.409        0.165             1.059       9.967     
[716,] g45611  45611     2.484    0.564        0.227             1.061       9.967     
[717,] g31583  31583     2.484    0.398        0.16              1.054       9.967     
[718,] g24220  24220     2.483    0.347        0.14              1.041       9.967     
[719,] g1553   1553      2.482    0.214        0.086             1.037       9.967     
[720,] g50009  50009     2.482    0.313        0.126             1.063       9.967     
[721,] g25192  25192     2.479    0.308        0.124             1.056       9.967     
[722,] g21690  21690     2.478    0.313        0.126             1.043       9.967     
[723,] g4224   4224      2.476    0.246        0.099             1.054       9.967     
[724,] g19887  19887     2.476    0.555        0.224             1.058       9.967     
[725,] g54280  54280     2.475    0.241        0.097             1.032       9.967     
[726,] g13293  13293     2.475    0.445        0.18              1.045       9.967     
[727,] g21686  21686     2.475    0.399        0.161             1.045       9.967     
[728,] g43899  43899     2.474    0.281        0.114             1.043       9.967     
[729,] g35590  35590     2.474    0.464        0.188             1.071       9.967     
[730,] g53393  53393     2.473    0.749        0.303             1.098       9.967     
[731,] g48633  48633     2.469    0.249        0.101             1.041       13.95     
[732,] g22393  22393     2.469    0.715        0.29              1.077       13.95     
[733,] g24263  24263     2.468    0.453        0.183             1.074       13.95     
[734,] g31713  31713     2.466    0.381        0.154             1.043       13.95     
[735,] g27473  27473     2.465    0.434        0.176             1.057       13.95     
[736,] g28450  28450     2.464    0.523        0.212             1.069       13.95     
[737,] g12789  12789     2.463    0.336        0.136             1.04        13.95     
[738,] g10477  10477     2.463    0.647        0.263             1.073       13.95     
[739,] g48134  48134     2.46     0.303        0.123             1.039       13.95     
[740,] g14307  14307     2.46     0.272        0.111             1.05        13.95     
[741,] g31433  31433     2.46     0.329        0.134             1.046       13.95     
[742,] g16984  16984     2.46     0.584        0.237             1.067       13.95     
[743,] g35025  35025     2.459    0.574        0.234             1.082       13.95     
[744,] g42543  42543     2.458    0.362        0.147             1.054       13.95     
[745,] g46662  46662     2.457    0.197        0.08              1.028       13.95     
[746,] g13090  13090     2.457    0.431        0.175             1.069       13.95     
[747,] g21300  21300     2.456    0.366        0.149             1.032       13.95     
[748,] g37272  37272     2.456    0.464        0.189             1.054       13.95     
[749,] g15393  15393     2.454    0.52         0.212             1.072       13.95     
[750,] g34266  34266     2.452    0.258        0.105             1.029       13.95     
[751,] g33782  33782     2.452    0.21         0.086             1.039       13.95     
[752,] g18918  18918     2.452    0.494        0.201             1.041       13.95     
[753,] g9945   9945      2.452    0.45         0.184             1.037       13.95     
[754,] g26804  26804     2.451    0.313        0.128             1.053       13.95     
[755,] g32099  32099     2.451    0.291        0.119             1.038       13.95     
[756,] g36150  36150     2.451    0.441        0.18              1.068       13.95     
[757,] g34862  34862     2.449    0.462        0.189             1.065       13.95     
[758,] g17276  17276     2.448    0.353        0.144             1.063       13.95     
[759,] g54597  54597     2.448    0.299        0.122             1.037       13.95     
[760,] g23215  23215     2.447    0.311        0.127             1.059       13.95     
[761,] g40304  40304     2.447    0.352        0.144             1.066       13.95     
[762,] g5325   5325      2.446    0.372        0.152             1.082       13.95     
[763,] g48879  48879     2.446    0.735        0.3               1.096       13.95     
[764,] g40277  40277     2.446    0.336        0.137             1.043       13.95     
[765,] g34080  34080     2.445    0.301        0.123             1.037       13.95     
[766,] g41283  41283     2.445    0.355        0.145             1.049       13.95     
[767,] g30933  30933     2.444    0.621        0.254             1.062       13.95     
[768,] g12687  12687     2.444    0.384        0.157             1.051       13.95     
[769,] g36972  36972     2.443    0.535        0.219             1.06        13.95     
[770,] g5177   5177      2.442    0.394        0.161             1.052       13.95     
[771,] g37119  37119     2.441    0.37         0.152             1.053       13.95     
[772,] g5696   5696      2.44     0.286        0.117             1.053       13.95     
[773,] g13911  13911     2.439    0.262        0.107             1.057       13.95     
[774,] g9271   9271      2.439    0.341        0.14              1.057       13.95     
[775,] g15799  15799     2.439    0.283        0.116             1.034       13.95     
[776,] g28541  28541     2.438    0.44         0.18              1.066       13.95     
[777,] g35433  35433     2.437    0.381        0.157             1.052       13.95     
[778,] g13556  13556     2.436    0.311        0.128             1.043       13.95     
[779,] g45517  45517     2.435    0.437        0.179             1.059       13.95     
[780,] g39005  39005     2.434    0.271        0.111             1.034       13.95     
[781,] g19822  19822     2.434    0.512        0.21              1.073       13.95     
[782,] g6521   6521      2.433    0.391        0.161             1.064       13.95     
[783,] g10673  10673     2.432    0.265        0.109             1.027       13.95     
[784,] g13017  13017     2.432    0.409        0.168             1.046       13.95     
[785,] g21516  21516     2.431    0.419        0.172             1.05        13.95     
[786,] g20439  20439     2.43     0.49         0.202             1.046       13.95     
[787,] g17013  17013     2.429    0.494        0.203             1.066       13.95     
[788,] g37896  37896     2.429    0.187        0.077             1.039       13.95     
[789,] g14616  14616     2.429    0.302        0.124             1.037       13.95     
[790,] g13889  13889     2.428    0.2          0.082             1.027       13.95     
[791,] g13152  13152     2.428    0.433        0.178             1.075       13.95     
[792,] g28292  28292     2.428    0.342        0.141             1.039       13.95     
[793,] g18143  18143     2.427    0.618        0.255             1.087       13.95     
[794,] g34415  34415     2.426    0.353        0.146             1.046       13.95     
[795,] g52553  52553     2.424    0.316        0.13              1.056       13.95     
[796,] g51978  51978     2.423    0.323        0.133             1.05        13.95     
[797,] g9048   9048      2.423    0.456        0.188             1.061       13.95     
[798,] g20508  20508     2.422    0.398        0.164             1.051       13.95     
[799,] g10285  10285     2.421    0.42         0.174             1.042       13.95     
[800,] g42567  42567     2.421    0.326        0.135             1.059       13.95     
[801,] g48658  48658     2.42     0.249        0.103             1.034       13.95     
[802,] g18075  18075     2.42     0.444        0.183             1.053       13.95     
[803,] g50601  50601     2.42     0.241        0.1               1.031       13.95     
[804,] g54541  54541     2.419    0.29         0.12              1.041       13.95     
[805,] g31028  31028     2.419    0.426        0.176             1.049       13.95     
[806,] g24131  24131     2.419    0.418        0.173             1.055       13.95     
[807,] g30013  30013     2.418    0.365        0.151             1.058       13.95     
[808,] g41611  41611     2.418    0.447        0.185             1.076       13.95     
[809,] g22766  22766     2.416    0.359        0.148             1.041       13.95     
[810,] g33255  33255     2.416    0.418        0.173             1.054       13.95     
[811,] g34614  34614     2.415    0.444        0.184             1.049       13.95     
[812,] g37187  37187     2.415    0.366        0.151             1.047       13.95     
[813,] g48896  48896     2.414    0.439        0.182             1.072       13.95     
[814,] g27075  27075     2.414    0.393        0.163             1.041       13.95     
[815,] g26279  26279     2.414    0.425        0.176             1.038       17.569    
[816,] g11440  11440     2.413    0.366        0.151             1.032       17.569    
[817,] g21770  21770     2.411    0.622        0.258             1.069       17.569    
[818,] g38890  38890     2.411    0.668        0.277             1.102       17.569    
[819,] g12589  12589     2.41     0.583        0.242             1.058       17.569    
[820,] g30953  30953     2.41     0.619        0.257             1.062       17.569    
[821,] g10630  10630     2.41     0.356        0.148             1.054       17.569    
[822,] g22128  22128     2.409    0.307        0.127             1.035       17.569    
[823,] g11472  11472     2.409    0.635        0.264             1.076       17.569    
[824,] g10363  10363     2.408    0.348        0.144             1.032       17.569    
[825,] g21404  21404     2.408    0.392        0.163             1.053       17.569    
[826,] g15993  15993     2.408    0.202        0.084             1.046       17.569    
[827,] g16928  16928     2.407    0.331        0.137             1.049       17.569    
[828,] g15323  15323     2.406    0.241        0.1               1.028       17.569    
[829,] g35836  35836     2.406    0.347        0.144             1.038       17.569    
[830,] g39352  39352     2.406    0.327        0.136             1.044       17.569    
[831,] g36629  36629     2.406    0.387        0.161             1.045       17.569    
[832,] g18383  18383     2.406    0.233        0.097             1.026       17.569    
[833,] g32747  32747     2.406    0.281        0.117             1.033       17.569    
[834,] g38146  38146     2.403    0.599        0.249             1.058       17.569    
[835,] g20890  20890     2.403    0.511        0.213             1.088       17.569    
[836,] g26150  26150     2.402    0.349        0.145             1.05        17.569    
[837,] g24450  24450     2.402    0.283        0.118             1.036       17.569    
[838,] g22685  22685     2.402    0.353        0.147             1.042       17.569    
[839,] g6193   6193      2.401    0.268        0.112             1.042       17.569    
[840,] g4044   4044      2.401    0.354        0.147             1.066       17.569    
[841,] g46256  46256     2.4      0.586        0.244             1.098       17.569    
[842,] g22004  22004     2.4      0.677        0.282             1.091       17.569    
[843,] g27178  27178     2.399    0.246        0.102             1.029       17.569    
[844,] g328    328       2.398    0.404        0.168             1.055       17.569    
[845,] g44463  44463     2.398    0.611        0.255             1.075       17.569    
[846,] g18033  18033     2.397    0.359        0.15              1.041       17.569    
[847,] g11358  11358     2.396    0.642        0.268             1.063       17.569    
[848,] g14475  14475     2.396    0.35         0.146             1.074       17.569    
[849,] g4874   4874      2.396    0.29         0.121             1.036       17.569    
[850,] g26006  26006     2.396    0.3          0.125             1.04        17.569    
[851,] g22203  22203     2.393    0.368        0.154             1.036       17.569    
[852,] g17119  17119     2.393    0.4          0.167             1.073       17.569    
[853,] g34923  34923     2.393    0.504        0.211             1.065       17.569    
[854,] g8756   8756      2.393    0.642        0.268             1.085       17.569    
[855,] g44863  44863     2.392    0.367        0.153             1.054       17.569    
[856,] g26127  26127     2.392    0.354        0.148             1.043       17.569    
[857,] g20487  20487     2.39     0.39         0.163             1.088       17.569    
[858,] g38247  38247     2.39     0.33         0.138             1.038       17.569    
[859,] g25734  25734     2.39     0.531        0.222             1.055       17.569    
[860,] g53178  53178     2.389    0.178        0.075             1.036       17.569    
[861,] g25889  25889     2.388    0.554        0.232             1.075       17.569    
[862,] g54672  54672     2.388    0.499        0.209             1.037       17.569    
[863,] g19137  19137     2.388    0.578        0.242             1.071       17.569    
[864,] g38013  38013     2.388    0.572        0.239             1.066       17.569    
[865,] g12807  12807     2.387    0.403        0.169             1.064       17.569    
[866,] g36612  36612     2.387    0.344        0.144             1.06        17.569    
[867,] g11066  11066     2.386    0.399        0.167             1.058       17.569    
[868,] g31461  31461     2.386    0.193        0.081             1.036       17.569    
[869,] g53541  53541     2.385    0.325        0.136             1.058       17.569    
[870,] g54659  54659     2.385    0.566        0.238             1.041       17.569    
[871,] g20043  20043     2.384    0.607        0.254             1.059       17.569    
[872,] g18360  18360     2.384    0.513        0.215             1.067       17.569    
[873,] g39291  39291     2.384    0.427        0.179             1.067       17.569    
[874,] g22206  22206     2.383    0.303        0.127             1.038       17.569    
[875,] g50116  50116     2.382    0.22         0.092             1.047       17.569    
[876,] g29611  29611     2.38     0.293        0.123             1.038       17.569    
[877,] g44402  44402     2.38     0.26         0.109             1.033       17.569    
[878,] g24132  24132     2.379    0.599        0.252             1.078       17.569    
[879,] g27114  27114     2.378    0.449        0.189             1.048       17.569    
[880,] g45284  45284     2.377    0.593        0.249             1.093       17.569    
[881,] g14154  14154     2.376    0.223        0.094             1.024       17.569    
[882,] g17016  17016     2.375    0.673        0.283             1.082       17.569    
[883,] g22228  22228     2.375    0.432        0.182             1.053       17.569    
[884,] g18597  18597     2.375    0.667        0.281             1.089       17.569    
[885,] g51095  51095     2.375    0.296        0.125             1.052       17.569    
[886,] g14565  14565     2.375    0.52         0.219             1.047       17.569    
[887,] g18678  18678     2.375    0.376        0.158             1.05        17.569    
[888,] g35428  35428     2.374    0.323        0.136             1.042       17.569    
[889,] g16642  16642     2.373    0.306        0.129             1.037       17.569    
[890,] g38020  38020     2.372    0.281        0.118             1.04        17.569    
[891,] g50039  50039     2.372    0.239        0.101             1.047       17.569    
[892,] g11786  11786     2.372    0.274        0.116             1.035       17.569    
[893,] g37638  37638     2.372    0.272        0.115             1.04        17.569    
[894,] g18645  18645     2.371    0.579        0.244             1.072       17.569    
[895,] g53266  53266     2.371    0.383        0.162             1.051       17.569    
[896,] g39667  39667     2.37     0.265        0.112             1.028       17.569    
[897,] g44931  44931     2.369    0.465        0.196             1.067       17.569    
[898,] g6998   6998      2.369    0.236        0.1               1.048       17.569    
[899,] g21304  21304     2.368    0.494        0.209             1.054       17.569    
[900,] g12244  12244     2.367    0.225        0.095             1.027       17.569    
[901,] g44716  44716     2.365    0.255        0.108             1.043       17.569    
[902,] g44871  44871     2.365    0.242        0.102             1.028       17.569    
[903,] g30004  30004     2.364    0.253        0.107             1.046       17.569    
[904,] g10909  10909     2.363    0.255        0.108             1.028       17.569    
[905,] g636    636       2.361    0.463        0.196             1.06        17.569    
[906,] g13076  13076     2.361    0.415        0.176             1.046       17.569    
[907,] g48061  48061     2.36     0.162        0.069             1.031       17.569    
[908,] g27838  27838     2.36     0.299        0.127             1.035       17.569    
[909,] g45524  45524     2.36     0.289        0.122             1.039       17.569    
[910,] g13880  13880     2.359    0.376        0.159             1.058       17.569    
[911,] g49557  49557     2.359    0.481        0.204             1.071       17.569    
[912,] g4273   4273      2.358    0.149        0.063             1.035       21.932    
[913,] g17153  17153     2.358    0.31         0.132             1.042       21.932    
[914,] g16162  16162     2.358    0.288        0.122             1.059       21.932    
[915,] g10510  10510     2.355    0.472        0.2               1.045       21.932    
[916,] g51570  51570     2.355    0.313        0.133             1.037       21.932    
[917,] g16442  16442     2.354    0.196        0.083             1.043       21.932    
[918,] g20243  20243     2.354    0.301        0.128             1.055       21.932    
[919,] g6131   6131      2.353    0.169        0.072             1.04        21.932    
[920,] g18205  18205     2.352    0.434        0.185             1.049       21.932    
[921,] g35247  35247     2.352    0.44         0.187             1.059       21.932    
[922,] g40073  40073     2.351    0.362        0.154             1.049       21.932    
[923,] g41133  41133     2.35     0.292        0.124             1.039       21.932    
[924,] g49288  49288     2.349    0.563        0.24              1.072       21.932    
[925,] g51975  51975     2.348    0.39         0.166             1.059       21.932    
[926,] g12351  12351     2.346    0.679        0.289             1.145       21.932    
[927,] g34626  34626     2.346    0.37         0.158             1.031       21.932    
[928,] g11811  11811     2.346    0.316        0.135             1.033       21.932    
[929,] g10380  10380     2.345    0.395        0.168             1.043       21.932    
[930,] g14103  14103     2.344    0.408        0.174             1.059       21.932    
[931,] g14448  14448     2.344    0.668        0.285             1.08        21.932    
[932,] g44555  44555     2.343    0.39         0.167             1.049       21.932    
[933,] g5744   5744      2.343    0.513        0.219             1.072       21.932    
[934,] g15529  15529     2.34     0.424        0.181             1.063       21.932    
[935,] g9952   9952      2.34     0.417        0.178             1.036       21.932    
[936,] g31574  31574     2.34     0.304        0.13              1.058       21.932    
[937,] g14229  14229     2.339    0.312        0.133             1.045       21.932    
[938,] g21257  21257     2.339    0.279        0.119             1.027       21.932    
[939,] g6386   6386      2.339    0.361        0.155             1.041       21.932    
[940,] g32868  32868     2.339    0.368        0.157             1.053       21.932    
[941,] g37346  37346     2.338    0.395        0.169             1.063       21.932    
[942,] g22999  22999     2.338    0.358        0.153             1.053       21.932    
[943,] g32449  32449     2.337    0.391        0.167             1.043       21.932    
[944,] g10951  10951     2.336    0.417        0.179             1.039       21.932    
[945,] g34498  34498     2.335    0.519        0.222             1.057       21.932    
[946,] g40899  40899     2.335    0.575        0.246             1.087       21.932    
[947,] g53440  53440     2.335    0.22         0.094             1.037       21.932    
[948,] g22874  22874     2.335    0.399        0.171             1.057       21.932    
[949,] g36395  36395     2.333    0.454        0.194             1.054       21.932    
[950,] g12442  12442     2.333    0.372        0.159             1.06        21.932    
[951,] g42952  42952     2.333    0.449        0.192             1.067       21.932    
[952,] g42792  42792     2.333    0.478        0.205             1.059       21.932    

Genes down
     Gene ID Gene Name Score(d) Numerator(r) Denominator(s+s0) Fold Change q-value(%)
[1,] g54664  54664     -3.091   -0.685       0.222             0.933       9.967     
[2,] g54665  54665     -3.076   -0.652       0.212             0.934       9.967     
[3,] g54618  54618     -2.991   -0.617       0.206             0.935       9.967     
[4,] g33850  33850     -2.909   -0.821       0.282             0.843       9.967     
[5,] g54617  54617     -2.907   -0.629       0.216             0.937       9.967    